235072 57 1 5
246370 50 1 4
229739 50 1 5
235836 106 1 1
239066 51 1 6
331656 143 2 1
286247 98 1 1
276190 50 2 4
515977 287 4 4
197959 50 1 1
322291 176 3 1
265323 50 1 1
222592 70 1 4
251108 104 2 1
219765 50 2 3
248456 72 1 3
957630 435 4 4
501816 199 2 1
230554 50 1 5
239624 50 1 4
281984 72 2 6
216654 77 1 1
337148 166 2 1
324304 122 1 3
260282 61 3 5
262675 50 1 5
209736 50 2 2
228018 50 1 4
351097 164 3 4
246974 50 1 5
471767 216 3 4
499486 252 2 2
215051 125 2 2
212457 50 1 5
221236 67 1 1
321537 125 1 1
197362 52 1 6
243517 111 1 1
249757 50 1 5
239824 50 2 3
195579 57 1 4
247448 118 1 1
472660 272 1 1
196323 50 1 1
446606 222 2 5
269469 155 1 1
185527 50 2 2
297720 137 1 5
226882 133 2 1
194556 50 1 1
279006 71 1 5
179527 75 2 1
221773 50 1 4
190657 50 1 1
245901 50 1 4
182335 50 1 1
202136 50 1 1
216838 50 1 6
203404 68 3 1
501203 230 1 6
236808 50 1 1
293721 50 2 6
239054 88 1 1
288527 86 2 5
208972 50 3 4
231196 50 2 6
338363 141 2 5
275068 107 2 4
442440 205 3 4
234772 61 1 1
241737 69 1 5
234790 50 1 6
315313 50 1 6
266236 50 2 1
222858 82 1 1
186363 50 1 4
192301 50 2 1
450027 195 3 6
217468 50 2 6
278092 119 2 1
255090 70 1 3
238621 50 2 4
265358 50 1 6
314985 70 2 5
246482 106 1 5
223079 102 2 1
161636 50 1 1
491735 221 8 1
398299 158 4 3
264715 108 3 4
221097 50 1 4
280659 101 1 2
189138 60 1 1
236849 93 1 1
155162 50 2 1
249021 50 1 6
272664 50 3 6
249226 50 2 4
207086 50 1 2
221786 50 1 1
